PATH 150 150
0 0
1 0
2 0
2 1
2 2
2 3
1 3
1 4
1 5
1 6
2 6
2 5
3 5
3 6
4 6
5 6
6 6
6 7
7 7
7 6
8 6
9 6
9 5
10 5
11 5
11 6
12 6
13 6
14 6
14 7
14 8
14 9
15 9
16 9
16 10
15 10
14 10
13 10
13 11
13 12
13 13
14 13
14 14
14 15
15 15
15 16
15 17
15 18
15 19
15 20
16 20
17 20
17 21
17 22
17 23
18 23
19 23
19 24
19 25
20 25
20 26
20 27
20 28
21 28
22 28
22 29
23 29
23 30
24 30
25 30
25 29
26 29
26 28
27 28
27 29
28 29
29 29
30 29
30 28
31 28
31 27
32 27
32 26
33 26
34 26
34 27
34 28
33 28
33 29
34 29
35 29
35 30
36 30
37 30
38 30
38 31
38 32
39 32
39 33
38 33
38 34
38 35
39 35
40 35
40 36
39 36
39 37
38 37
37 37
37 38
38 38
39 38
40 38
40 39
40 40
39 40
39 41
38 41
37 41
37 42
37 43
38 43
39 43
39 44
39 45
40 45
41 45
42 45
42 46
43 46
43 47
44 47
45 47
45 48
46 48
46 47
46 46
47 46
47 47
48 47
48 48
48 49
48 50
49 50
49 51
48 51
48 52
49 52
49 53
49 54
50 54
50 55
51 55
51 56
50 56
49 56
48 56
47 56
46 56
46 57
46 58
46 59
46 60
46 61
46 62
47 62
47 63
46 63
45 63
45 62
44 62
44 63
43 63
43 64
43 65
43 66
43 67
43 68
42 68
41 68
40 68
39 68
39 69
38 69
37 69
37 70
38 70
38 71
37 71
36 71
35 71
35 72
35 73
34 73
33 73
33 74
33 75
32 75
31 75
30 75
30 76
30 77
30 78
30 79
30 80
30 81
30 82
30 83
30 84
31 84
31 85
32 85
33 85
34 85
35 85
35 84
36 84
36 83
35 83
35 82
36 82
36 81
37 81
37 82
38 82
38 83
38 84
39 84
40 84
41 84
41 85
41 86
41 87
41 88
40 88
39 88
39 89
39 90
39 91
39 92
39 93
40 93
40 94
40 95
41 95
41 96
40 96
40 97
40 98
40 99
40 100
41 100
42 100
43 100
44 100
44 101
44 102
44 103
44 104
45 104
45 105
45 106
44 106
43 106
42 106
42 107
42 108
42 109
43 109
43 110
43 111
43 112
44 112
44 111
45 111
46 111
47 111
47 110
47 109
48 109
49 109
50 109
51 109
51 110
51 111
52 111
53 111
53 112
53 113
53 114
53 115
53 116
53 117
54 117
55 117
55 118
55 119
54 119
54 120
53 120
53 121
54 121
54 122
55 122
55 123
54 123
54 124
54 125
53 125
52 125
52 126
53 126
54 126
54 127
53 127
53 128
54 128
54 129
53 129
53 130
54 130
55 130
56 130
57 130
58 130
58 131
58 132
59 132
59 133
59 134
58 134
58 135
58 136
58 137
58 138
59 138
60 138
61 138
61 137
62 137
63 137
63 138
64 138
65 138
66 138
66 137
65 137
65 136
66 136
67 136
68 136
68 135
67 135
67 134
68 134
69 134
69 133
69 132
70 132
71 132
71 131
71 130
72 130
72 131
73 131
73 132
73 133
72 133
72 134
73 134
74 134
74 135
74 136
74 137
73 137
73 138
73 139
73 140
73 141
74 141
74 142
74 143
75 143
76 143
76 142
76 141
77 141
78 141
79 141
80 141
80 140
80 139
80 138
81 138
81 137
81 136
81 135
81 134
81 133
81 132
82 132
82 131
82 130
83 130
83 131
83 132
84 132
84 133
83 133
83 134
83 135
84 135
85 135
86 135
87 135
88 135
88 136
89 136
89 137
90 137
90 136
91 136
91 135
92 135
92 134
91 134
91 133
92 133
92 132
93 132
93 133
93 134
94 134
94 135
94 136
93 136
93 137
93 138
94 138
94 139
94 140
95 140
95 141
96 141
97 141
97 140
97 139
98 139
98 140
98 141
99 141
100 141
100 142
100 143
101 143
102 143
102 144
103 144
104 144
104 145
105 145
106 145
106 146
106 147
107 147
108 147
108 146
109 146
109 147
110 147
110 146
110 145
110 144
110 143
111 143
112 143
112 142
112 141
113 141
113 140
114 140
115 140
116 140
116 139
116 138
117 138
117 137
117 136
118 136
119 136
119 137
120 137
120 136
120 135
121 135
121 134
122 134
123 134
124 134
124 135
125 135
125 134
125 133
125 132
125 131
125 130
126 130
127 130
128 130
128 129
129 129
129 130
129 131
130 131
131 131
132 131
132 130
133 130
134 130
135 130
136 130
136 131
136 132
137 132
137 131
138 131
138 130
139 130
139 131
140 131
141 131
142 131
142 132
143 132
144 132
145 132
146 132
147 132
147 133
147 134
147 135
146 135
146 136
146 137
146 138
146 139
145 139
145 140
145 141
145 142
145 143
146 143
147 143
147 144
147 145
147 146
148 146
148 147
148 148
149 148
149 149
