PATH 100 100
0 0
1 0
2 0
3 0
4 0
5 0
6 0
7 0
8 0
9 0
10 0
11 0
12 0
12 1
13 1
14 1
14 2
15 2
15 1
16 1
16 2
16 3
16 4
17 4
17 5
16 5
16 6
16 7
17 7
18 7
18 8
19 8
19 9
20 9
21 9
22 9
22 10
22 11
22 12
23 12
23 13
23 14
24 14
25 14
25 13
25 12
26 12
27 12
28 12
28 13
29 13
30 13
30 12
30 11
31 11
32 11
33 11
33 12
33 13
33 14
33 15
32 15
32 16
31 16
31 17
31 18
32 18
33 18
33 19
33 20
33 21
32 21
32 22
32 23
32 24
33 24
34 24
34 25
34 26
35 26
35 27
35 28
34 28
34 29
34 30
33 30
32 30
32 31
32 32
32 33
31 33
31 32
30 32
29 32
29 33
29 34
28 34
27 34
26 34
26 35
26 36
25 36
24 36
24 37
25 37
26 37
26 38
26 39
27 39
28 39
29 39
29 40
30 40
30 41
30 42
31 42
31 43
32 43
32 44
31 44
30 44
30 45
29 45
29 46
29 47
30 47
31 47
32 47
32 48
32 49
31 49
31 50
31 51
32 51
33 51
34 51
35 51
35 50
36 50
36 49
37 49
38 49
39 49
40 49
41 49
41 48
42 48
42 49
43 49
44 49
45 49
45 50
46 50
46 49
47 49
47 50
47 51
48 51
48 50
49 50
50 50
50 49
50 48
50 47
51 47
51 46
52 46
53 46
53 47
54 47
54 46
55 46
56 46
56 45
57 45
57 46
58 46
58 47
59 47
59 48
60 48
60 47
61 47
61 46
61 45
62 45
62 44
62 43
63 43
64 43
65 43
65 44
66 44
66 43
67 43
67 42
68 42
68 43
68 44
68 45
69 45
70 45
71 45
71 44
71 43
72 43
73 43
73 44
73 45
74 45
74 46
75 46
76 46
76 47
75 47
75 48
76 48
76 49
76 50
76 51
76 52
76 53
76 54
75 54
74 54
73 54
72 54
72 55
72 56
73 56
74 56
75 56
75 55
76 55
76 56
77 56
77 57
78 57
78 58
79 58
79 59
78 59
78 60
79 60
80 60
81 60
81 61
81 62
81 63
82 63
83 63
84 63
85 63
86 63
87 63
88 63
89 63
89 64
90 64
90 65
91 65
92 65
92 66
92 67
92 68
92 69
92 70
92 71
92 72
92 73
91 73
90 73
89 73
89 72
88 72
87 72
87 73
87 74
86 74
85 74
84 74
84 75
83 75
83 76
83 77
84 77
84 78
85 78
86 78
87 78
88 78
88 79
87 79
87 80
87 81
86 81
85 81
85 82
85 83
86 83
86 84
87 84
87 85
88 85
89 85
89 86
88 86
88 87
87 87
87 88
87 89
87 90
86 90
86 91
85 91
85 92
85 93
85 94
84 94
84 95
84 96
85 96
86 96
87 96
88 96
88 97
88 98
89 98
89 99
90 99
90 98
90 97
90 96
91 96
92 96
92 97
92 98
93 98
93 97
93 96
94 96
94 95
95 95
96 95
96 96
96 97
97 97
97 98
98 98
98 99
99 99
